xmlschemas.c:14413,84.49704142011835
xmlschemas.c:14425,83.49700598802396
xmlschemas.c:14426,82.4969696969697
xmlschemas.c:14427,81.0
