xmlIO.c:4046,147.29491525423728
xmlIO.c:4056,146.8299319727891
xmlIO.c:4057,151.0
xmlIO.c:4065,141.0
