debugXML.c:1418,46.44444444444444
debugXML.c:1423,45.44444444444444
