legacy.c:1182,36.28571428571429
legacy.c:1184,35.28571428571429
