parser.c:4258,74.72366208115916
parser.c:4259,73.72366208115916
parser.c:4260,72.72366208115916
