debugXML.c:1575,66.61538461538461
debugXML.c:1580,66.61538461538461
debugXML.c:1581,65.61538461538461
