HTMLparser.c:6815,96.67557020789879
HTMLparser.c:6823,95.67557020789879
HTMLparser.c:6825,95.67557020789879
HTMLparser.c:6826,94.6755702078988
