debugXML.c:1524,66.61538461538461
debugXML.c:1529,66.61538461538461
debugXML.c:1530,65.61538461538461
