catalog.c:2995,70.5785997357992
catalog.c:2998,69.5785997357992
catalog.c:3001,68.5785997357992
catalog.c:3002,67.5785997357992
