xmlIO.c:4046,94.59155057112042
xmlIO.c:4056,94.14673101887384
xmlIO.c:4057,98.5523481666298
xmlIO.c:4065,88.29792147806006
