debugXML.c:1545,46.44444444444444
debugXML.c:1550,46.44444444444444
debugXML.c:1551,45.44444444444444
