catalog.c:2642,47.44444444444445
catalog.c:2652,46.44444444444444
catalog.c:2658,45.44444444444444
