legacy.c:1016,46.44444444444444
legacy.c:1019,45.44444444444444
