catalog.c:3328,78.98218005091414
catalog.c:3332,78.98218005091414
catalog.c:3334,77.98218005091414
