c14n.c:1715,79.66666666666667
c14n.c:1724,76.66666666666667
c14n.c:1725,75.66666666666667
