tree.c:1928,26.000000000000004
tree.c:1938,25.000000000000004
