legacy.c:896,71.00958466453675
legacy.c:899,70.00958466453675
