parser.c:15446,45.598615916955026
parser.c:15454,44.598615916955026
