HTMLparser.c:4660,68.58044490429384
HTMLparser.c:4662,67.58044490429384
