catalog.c:3349,78.98218005091414
catalog.c:3353,78.98218005091414
catalog.c:3355,77.98218005091414
