legacy.c:937,47.283018867924525
legacy.c:939,46.283018867924525
