HTMLparser.c:3488,63.333814857595286
HTMLparser.c:3503,77.40805223068551
HTMLparser.c:3505,76.40805223068551
