HTMLparser.c:6766,96.67557020789879
HTMLparser.c:6773,95.67557020789879
HTMLparser.c:6777,94.6755702078988
