HTMLparser.c:6965,97.67557020789882
HTMLparser.c:6972,96.67557020789879
HTMLparser.c:6974,95.67557020789879
HTMLparser.c:6982,94.6755702078988
