debugXML.c:1460,46.44444444444444
debugXML.c:1465,46.44444444444444
debugXML.c:1466,45.44444444444444
