parser.c:15470,45.598615916955026
parser.c:15478,44.598615916955026
