xmlregexp.c:6853,16.333333333333332
xmlregexp.c:6854,15.333333333333334
xmlregexp.c:6856,14.333333333333334
