xmllint.c:2146,65.50110765236512
xmllint.c:2156,64.41897776759112
xmllint.c:2165,75.66666666666667
