HTMLparser.c:6931,97.67557020789882
HTMLparser.c:6938,96.67557020789879
HTMLparser.c:6940,95.67557020789879
HTMLparser.c:6948,94.6755702078988
