HTMLparser.c:6358,83.62511536331755
HTMLparser.c:6368,82.62511536331755
HTMLparser.c:6369,82.62511536331755
HTMLparser.c:6374,81.62511536331755
