xmlreader.c:5615,28.0
xmlreader.c:5622,27.0
xmlreader.c:5626,26.000000000000004
xmlreader.c:5630,25.000000000000004
