xmlreader.c:5499,28.0
xmlreader.c:5509,27.0
xmlreader.c:5516,26.000000000000004
xmlreader.c:5521,25.000000000000004
