parser.c:15619,47.59861591695502
parser.c:15626,46.598615916955026
parser.c:15628,45.598615916955026
parser.c:15636,44.598615916955026
