parser.c:15585,47.59861591695502
parser.c:15592,46.598615916955026
parser.c:15594,45.598615916955026
parser.c:15602,44.598615916955026
