legacy.c:1000,35.28571428571429
legacy.c:996,36.28571428571429
