HTMLparser.c:4016,78.73197440928105
HTMLparser.c:4022,77.71445708494338
HTMLparser.c:4023,88.65537204154606
HTMLparser.c:4044,67.58044490429384
