catalog.c:3448,78.98218005091414
catalog.c:3452,78.98218005091414
catalog.c:3454,77.98218005091414
