catalog.c:3308,78.98218005091414
catalog.c:3312,78.98218005091414
catalog.c:3314,77.98218005091414
