debugXML.c:1439,36.28571428571429
debugXML.c:1444,35.28571428571429
