catalog.c:1341,45.598615916955026
catalog.c:1350,44.598615916955026
