entities.c:350,37.28571428571429
entities.c:361,36.28571428571429
entities.c:366,35.28571428571429
