xmlreader.c:5426,27.0
xmlreader.c:5437,26.000000000000004
xmlreader.c:5442,25.000000000000004
