xmlsave.c:2300,68.61538461538461
xmlsave.c:2320,67.61538461538461
xmlsave.c:2323,66.61538461538461
xmlsave.c:2330,65.61538461538461
