debugXML.c:1316,44.50712802768167
debugXML.c:1323,43.45467402064772
debugXML.c:1327,55.54545454545455
