debugXML.c:1089,47.44444444444445
debugXML.c:1091,46.44444444444444
debugXML.c:1092,45.44444444444444
