catalog.c:3369,78.98218005091414
catalog.c:3373,78.98218005091414
catalog.c:3375,77.98218005091414
