HTMLparser.c:6791,95.67557020789879
HTMLparser.c:6799,94.6755702078988
