catalog.c:3387,47.44444444444445
catalog.c:3391,46.44444444444444
catalog.c:3392,46.44444444444444
catalog.c:3394,45.44444444444444
