legacy.c:1034,56.54545454545455
legacy.c:1037,55.54545454545455
