legacy.c:974,56.54545454545455
legacy.c:978,55.54545454545455
