parser.c:15421,46.598615916955026
parser.c:15427,45.598615916955026
parser.c:15432,44.598615916955026
