xmlschemas.c:6080,26.000000000000004
xmlschemas.c:6090,25.000000000000004
