debugXML.c:1062,45.09283100691151
debugXML.c:1071,44.0326643598616
debugXML.c:1073,56.54545454545455
debugXML.c:1074,55.54545454545455
