xmlreader.c:3724,17.333333333333332
xmlreader.c:3730,16.333333333333332
xmlreader.c:3732,15.333333333333334
xmlreader.c:3735,14.333333333333334
