legacy.c:937,44.35294117647059
legacy.c:939,43.35294117647059
