catalog.c:3308,80.19464033850494
catalog.c:3312,80.19464033850494
catalog.c:3314,79.19464033850494
