legacy.c:1216,36.28571428571429
legacy.c:1219,35.28571428571429
