xpath.c:15066,47.44444444444445
xpath.c:15073,46.44444444444444
xpath.c:15078,45.44444444444444
