relaxng.c:2439,56.44657191251196
relaxng.c:2447,55.41880854252529
relaxng.c:2449,54.39005415300129
relaxng.c:2454,45.44444444444444
