relaxng.c:7893,68.61538461538461
relaxng.c:7897,67.61538461538461
relaxng.c:7901,66.61538461538461
relaxng.c:7904,65.61538461538461
