parser.c:4258,68.56291390728477
parser.c:4259,67.56291390728477
parser.c:4260,66.56291390728477
