xmlreader.c:5376,36.28571428571429
xmlreader.c:5383,35.28571428571429
