xmlreader.c:5401,26.000000000000004
xmlreader.c:5408,25.000000000000004
