xinclude.c:2609,64.25925925925927
xinclude.c:2612,63.259259259259274
xinclude.c:2613,61.25925925925927
xinclude.c:2615,60.25925925925927
