parser.c:15619,54.45045045045045
parser.c:15626,53.45045045045044
parser.c:15628,52.45045045045045
parser.c:15636,51.45045045045045
