HTMLparser.c:6791,72.50691244239631
HTMLparser.c:6799,71.50691244239631
