debugXML.c:862,37.28571428571429
debugXML.c:864,36.28571428571429
debugXML.c:865,35.28571428571429
