xmlschemas.c:4671,15.333333333333334
xmlschemas.c:4678,15.333333333333334
xmlschemas.c:4679,14.333333333333334
