xmlreader.c:5649,28.0
xmlreader.c:5656,27.0
xmlreader.c:5659,26.000000000000004
xmlreader.c:5664,25.000000000000004
