HTMLparser.c:6766,73.50691244239631
HTMLparser.c:6773,72.50691244239631
HTMLparser.c:6777,71.50691244239631
