tree.c:2304,16.333333333333332
tree.c:2308,15.333333333333334
tree.c:2309,14.333333333333334
