xmlreader.c:5462,28.0
xmlreader.c:5470,27.0
xmlreader.c:5473,26.000000000000004
xmlreader.c:5479,25.000000000000004
