parser.c:15585,54.45045045045045
parser.c:15592,53.45045045045044
parser.c:15594,52.45045045045045
parser.c:15602,51.45045045045045
