relaxng.c:6793,46.44444444444444
relaxng.c:6800,45.44444444444444
