xmlreader.c:3988,47.44444444444445
xmlreader.c:3993,46.44444444444444
xmlreader.c:3996,45.44444444444444
