xmlschemas.c:6015,26.000000000000004
xmlschemas.c:6025,25.000000000000004
