c14n.c:2005,107.76190476190476
c14n.c:2017,106.76190476190476
c14n.c:2031,105.76190476190476
