tree.c:1978,26.000000000000004
tree.c:1989,25.000000000000004
