xmlschemas.c:28154,55.45045045045045
xmlschemas.c:28156,53.45045045045044
xmlschemas.c:28159,52.45045045045045
xmlschemas.c:28162,51.45045045045045
