xpath.c:4580,48.44444444444444
xpath.c:4581,46.44444444444444
xpath.c:4584,45.44444444444444
