xpath.c:14820,44.61975377728036
xpath.c:14835,35.28571428571429
