relaxng.c:7445,51.48453608247423
relaxng.c:7458,50.48453608247423
