xmlschemas.c:21812,17.333333333333332
xmlschemas.c:21839,16.333333333333332
xmlschemas.c:21840,15.333333333333334
xmlschemas.c:21844,14.333333333333334
