schematron.c:1243,58.54545454545454
schematron.c:1248,56.54545454545455
schematron.c:1251,55.54545454545455
