tree.c:1953,26.000000000000004
tree.c:1964,25.000000000000004
