xmlschemas.c:16577,87.70588235294117
xmlschemas.c:16587,86.70588235294117
xmlschemas.c:16590,85.70588235294117
