xmlschemas.c:14413,69.11176747570737
xmlschemas.c:14425,68.11171437258393
xmlschemas.c:14426,67.11165968701785
xmlschemas.c:14427,65.61538461538461
