xmlschemas.c:28179,54.45045045045045
xmlschemas.c:28181,53.45045045045044
xmlschemas.c:28184,52.45045045045045
xmlschemas.c:28193,51.45045045045045
