xmlreader.c:5585,37.28571428571429
xmlreader.c:5593,36.28571428571429
xmlreader.c:5596,35.28571428571429
