relaxng.c:2807,47.44444444444445
relaxng.c:2809,46.44444444444444
relaxng.c:2815,45.44444444444444
