catalog.c:3369,80.19464033850494
catalog.c:3373,80.19464033850494
catalog.c:3375,79.19464033850494
