xmlschemas.c:4701,15.333333333333334
xmlschemas.c:4710,14.333333333333334
