xmlschemas.c:21941,15.268115942028986
xmlschemas.c:21950,15.333333333333334
xmlschemas.c:21951,14.333333333333334
