parser.c:15470,52.45045045045045
parser.c:15478,51.45045045045045
