parser.c:15446,52.45045045045045
parser.c:15454,51.45045045045045
