xmlschemas.c:4783,68.61538461538461
xmlschemas.c:4791,66.61538461538461
xmlschemas.c:4792,65.61538461538461
