schematron.c:307,49.444444444444436
schematron.c:315,47.44444444444445
schematron.c:316,46.44444444444444
schematron.c:322,45.44444444444444
