xpath.c:6111,56.54545454545455
xpath.c:6119,55.54545454545455
