schematron.c:391,49.444444444444436
schematron.c:398,47.44444444444445
schematron.c:399,46.44444444444444
schematron.c:405,45.44444444444444
