HTMLparser.c:6965,74.50691244239631
HTMLparser.c:6972,73.50691244239631
HTMLparser.c:6974,72.50691244239631
HTMLparser.c:6982,71.50691244239631
