xmlschemastypes.c:1072,56.54545454545455
xmlschemastypes.c:1074,55.54545454545455
