xmlschemas.c:5992,36.28571428571429
xmlschemas.c:6001,35.28571428571429
