legacy.c:1053,56.54545454545455
legacy.c:1057,55.54545454545455
