xmlschemas.c:19488,48.44444444444444
xmlschemas.c:19503,47.44444444444445
xmlschemas.c:19504,46.44444444444444
xmlschemas.c:19530,45.44444444444444
