xmlschemas.c:9988,27.0
xmlschemas.c:9991,26.000000000000004
xmlschemas.c:9993,25.000000000000004
xmlschemas.c:9995,25.000000000000004
