xmlschemas.c:19993,68.11171437258393
xmlschemas.c:19998,67.11165968701785
xmlschemas.c:20000,66.11160334720545
xmlschemas.c:20005,65.61538461538461
