debugXML.c:2309,34.73170731707317
debugXML.c:2318,33.73170731707317
debugXML.c:2322,32.73170731707317
debugXML.c:2327,31.731707317073177
