HTMLparser.c:6815,73.50691244239631
HTMLparser.c:6823,72.50691244239631
HTMLparser.c:6825,72.50691244239631
HTMLparser.c:6826,71.50691244239631
