xmlsave.c:1953,57.54545454545455
xmlsave.c:1957,56.54545454545455
xmlsave.c:1958,55.54545454545455
