parser.c:15421,53.45045045045044
parser.c:15427,52.45045045045045
parser.c:15432,51.45045045045045
