xmlreader.c:3451,17.333333333333332
xmlreader.c:3455,16.333333333333332
xmlreader.c:3457,15.333333333333334
xmlreader.c:3460,14.333333333333334
