catalog.c:1341,52.45045045045045
catalog.c:1350,51.45045045045045
