catalog.c:2932,38.28571428571429
catalog.c:2933,37.28571428571429
catalog.c:2936,36.28571428571429
catalog.c:2937,35.28571428571429
