xmlsave.c:1931,47.44444444444445
xmlsave.c:1935,46.44444444444444
xmlsave.c:1936,45.44444444444444
