catalog.c:3448,80.19464033850494
catalog.c:3452,80.19464033850494
catalog.c:3454,79.19464033850494
