xpointer.c:1325,60.74371744232641
xpointer.c:1331,55.54545454545455
