xpath.c:15171,47.44444444444445
xpath.c:15178,46.44444444444444
xpath.c:15183,45.44444444444444
