xmlreader.c:3752,15.333333333333334
xmlreader.c:3755,14.333333333333334
