xmlschemastypes.c:738,56.54545454545455
xmlschemastypes.c:741,55.54545454545455
