xmlreader.c:1789,69.03939962476548
xmlreader.c:1793,68.03939962476548
xmlreader.c:1796,65.03939962476548
xmlreader.c:1803,64.03939962476548
