xmlIO.c:4046,96.00363744402925
xmlIO.c:4056,95.55859419625156
xmlIO.c:4057,100.02380379899016
xmlIO.c:4065,89.65435356200528
