HTMLparser.c:6931,74.50691244239631
HTMLparser.c:6938,73.50691244239631
HTMLparser.c:6940,72.50691244239631
HTMLparser.c:6948,71.50691244239631
