xmlschemas.c:5747,49.444444444444436
xmlschemas.c:5753,47.44444444444445
xmlschemas.c:5756,46.44444444444444
xmlschemas.c:5758,45.44444444444444
