schematron.c:632,68.61538461538461
schematron.c:636,67.61538461538461
schematron.c:641,66.61538461538461
schematron.c:647,65.61538461538461
