catalog.c:2995,71.6056338028169
catalog.c:2998,70.6056338028169
catalog.c:3001,69.6056338028169
catalog.c:3002,68.6056338028169
