xmlschemas.c:28876,64.75949367088609
xmlschemas.c:28883,63.75949367088608
xmlschemas.c:28886,62.75949367088609
xmlschemas.c:28890,61.75949367088608
