xmlsave.c:2616,47.44444444444445
xmlsave.c:2621,46.44444444444444
xmlsave.c:2625,45.44444444444444
