xmlsave.c:2209,78.66666666666667
xmlsave.c:2215,77.66666666666667
xmlsave.c:2217,76.66666666666667
xmlsave.c:2220,75.66666666666667
