debugXML.c:1378,36.28571428571429
debugXML.c:1382,35.28571428571429
