xmlschemas.c:25988,46.44444444444444
xmlschemas.c:25995,45.44444444444444
xmlschemas.c:25999,45.44444444444444
