catalog.c:3349,80.19464033850494
catalog.c:3353,80.19464033850494
catalog.c:3355,79.19464033850494
