entities.c:301,37.28571428571429
entities.c:312,36.28571428571429
entities.c:317,35.28571428571429
