xmlreader.c:5684,28.0
xmlreader.c:5691,27.0
xmlreader.c:5694,26.000000000000004
xmlreader.c:5697,25.000000000000004
