HTMLparser.c:3488,43.81565267616481
HTMLparser.c:3503,59.534246575342465
HTMLparser.c:3505,58.53424657534246
