xinclude.c:2512,73.33747779751332
xinclude.c:2517,72.33747779751332
xinclude.c:2520,71.33747779751332
