xmlschemas.c:9973,16.333333333333332
xmlschemas.c:9980,15.333333333333334
xmlschemas.c:9983,14.333333333333334
