catalog.c:3328,80.19464033850494
catalog.c:3332,80.19464033850494
catalog.c:3334,79.19464033850494
