xmlreader.c:5719,28.0
xmlreader.c:5727,27.0
xmlreader.c:5730,26.000000000000004
xmlreader.c:5737,25.000000000000004
