HTMLparser.c:4660,48.15384615384616
HTMLparser.c:4662,47.15384615384616
