schematron.c:671,67.61538461538461
schematron.c:680,66.61538461538461
schematron.c:686,65.61538461538461
