xmlschemas.c:5902,36.28571428571429
xmlschemas.c:5918,35.28571428571429
