xmlsave.c:2244,68.61538461538461
xmlsave.c:2261,67.61538461538461
xmlsave.c:2268,66.61538461538461
xmlsave.c:2273,65.61538461538461
