schematron.c:590,16.333333333333332
schematron.c:599,15.333333333333334
schematron.c:605,14.333333333333334
