HTMLparser.c:4016,58.498683825680025
HTMLparser.c:4022,57.46193497224425
HTMLparser.c:4023,70.23076923076923
HTMLparser.c:4044,47.15384615384616
