relaxng.c:2412,66.61538461538461
relaxng.c:2418,65.61538461538461
