debugXML.c:1482,56.54545454545455
debugXML.c:1487,56.54545454545455
debugXML.c:1488,55.54545454545455
