SAX2.c:2662,26.000000000000004
SAX2.c:2670,25.000000000000004
