xpath.c:15023,44.93896193771627
xpath.c:15031,43.895912883609114
xpath.c:15041,35.28571428571429
