relaxng.c:5563,58.54545454545454
relaxng.c:5573,57.54545454545455
relaxng.c:5582,56.54545454545455
relaxng.c:5592,55.54545454545455
