legacy.c:896,53.06382978723404
legacy.c:899,52.06382978723404
