xpath.c:15152,57.54545454545455
xpath.c:15155,56.54545454545455
xpath.c:15157,55.54545454545455
