xmlschemas.c:28033,37.28571428571429
xmlschemas.c:28052,36.28571428571429
xmlschemas.c:28062,35.28571428571429
