xmlschemas.c:16101,81.81557914827629
xmlschemas.c:16106,81.37782045127221
xmlschemas.c:16107,75.66666666666667
xmlschemas.c:16109,85.70588235294117
