HTMLparser.c:6358,61.536585365853675
HTMLparser.c:6368,60.53658536585367
HTMLparser.c:6369,60.53658536585367
HTMLparser.c:6374,59.53658536585366
