parser.c:2925,67.28571428571429
parser.c:2927,66.28571428571429
parser.c:2928,65.28571428571429
