xmlschemas.c:12448,16.333333333333332
xmlschemas.c:12455,15.333333333333334
xmlschemas.c:12458,14.333333333333334
